$ 1 0.000005 2.922428378123494 50 5 50
155 -96 96 -48 96 0 5
R -96 96 -160 96 1 2 500 1.5 1.5 0 0.5
x 344 85 392 88 4 24 Blue
x 156 87 200 90 4 24 Red
w -208 128 -96 128 0
w -208 128 -208 -80 0
x -87 -102 308 -99 4 14 TODO:\sChoose\sresistor\svalues\sfor\slimiting\scurrent\sthrough\sLEDs
r -240 144 -240 192 0 10000
g -240 192 -240 224 0
w -208 128 -240 128 0
w -240 128 -272 128 0
R -336 64 -336 16 0 0 40 3 0 0 0.5
s -320 128 -272 128 0 1 true
w -240 144 -240 128 0
w 352 144 352 128 0
g 416 192 416 224 0
r 352 144 352 176 0 10000
w 416 144 416 192 0
w 416 192 352 192 0
w 160 144 160 128 0
w 224 192 160 192 0
w 224 144 224 192 0
r 160 144 160 176 0 10000
368 480 32 480 -16 0 0
w 416 64 416 32 1
f 368 128 416 128 0 1.5 0.02
162 416 64 416 96 1 3.2 0 0 1 0.01
w 416 112 416 96 0
w -336 112 -336 64 1
w 224 112 224 96 0
162 224 64 224 96 1 2 1 0 0 0.01
r 224 -48 224 0 0 300
g 224 192 224 224 0
f 176 128 224 128 0 1.5 0.02
w 224 -80 416 -80 0
w -336 128 -320 128 0
w 224 64 224 32 1
207 0 96 48 96 0 Red drive
207 0 160 48 160 0 Blue drive
w 160 128 176 128 0
w 352 128 368 128 0
w 352 192 352 176 0
w 160 192 160 176 0
w -336 112 -336 128 0
207 352 128 304 128 0 Blue drive
207 160 128 112 128 0 Red drive
w 224 -48 224 -80 0
w 416 -48 416 -80 0
w 224 -80 -208 -80 0
w 416 32 480 32 0
r 416 -48 416 0 0 100
w 224 32 288 32 0
368 288 32 288 -16 0 0
w 224 32 224 0 0
w 416 32 416 0 0
o 1 64 0 36871 2.5 0.00009765625 0 2 1 3
o 37 64 0 4103 5 0.000390625 0 2 37 3
o 38 64 0 4103 5 0.000390625 0 2 38 3
