$ 1 0.000005 5.934295036739208 50 5 50 5e-11
155 128 96 176 96 0 5
R 128 96 64 96 1 2 500 1.5 1.5 0 0.5
150 272 80 368 80 0 2 0 3
150 272 176 368 176 0 2 0 3
w 224 96 272 96 0
w 224 160 272 160 0
w 240 192 32 192 0
w 32 192 32 128 0
w 32 64 272 64 0
w 272 192 240 192 0
r 368 80 432 80 0 130
r 368 176 432 176 0 30
34 fwdrop\q2 1 2e-10 0 3.4623917797473345 60 1
162 480 80 528 80 3 fwdrop\q2 1 0 0 0.01
34 fwdrop\q3 1 2e-10 0 5.193587669621001 60 1
162 480 176 528 176 3 fwdrop\q3 0 0 1 0.01
g 560 176 560 256 0 0
w 560 80 560 176 0
w 528 176 560 176 0
w 528 80 560 80 0
x 484 152 532 155 4 24 Blue
x 483 57 527 60 4 24 Red
w 32 128 128 128 0
w 32 128 32 64 0
r -16 144 -16 208 0 10000
g -16 208 -16 256 0 0
w 32 128 -16 128 0
w -16 128 -64 128 0
R -112 128 -112 80 0 0 40 3 0 0 0.5
s -112 128 -64 128 0 1 true
w -16 144 -16 128 0
370 432 176 480 176 1 0 0
370 432 80 480 80 1 0 0
o 1 64 0 4099 5 0.00009765625 0 2 1 3
o 24 64 0 4099 0.0000762939453125 0.00009765625 0 2 24 3
